503,67
366,5
503,71
503,79
164,8
34,4
28,6
152,11
152,6
503,78
502,4
503,141
503,80
2,22
422,2
422,1
421,3
127,12
127,9
127,7
127,1
127,4
126,2
123,8
123,5
121,5
126,10
126,8
126,5
363,2
36,2
36,8
503,83
503,76
422,3
503,140
92,2
96,7
96,0
102,3
490,3
420,4
2,101
0,313
0,312
502,6
502,5
502,0
122,10
122,7
122,2
422,6
422,5
503,38
503,19
2,95
120,4
2,28
0,506
354,3
199,6
199,3
0,499
503,139
506,2
0,494
503,82
503,55
284,2
91,2
96,5
96,2
0,486
2,89
0,2
0,382
0,381
93,1
503,70
365,1
101,3
100,2
99,2
100,4
99,7
99,4
98,1
98,4
97,4
284,4
362,3
362,5
92,5
91,5
132,3
134,1
90,7
90,5
505,2
506,1
505,1
0,504
0,326
0,505
0,483
0,343
0,316
0,420
0,492
364,5
94,6
93,3
94,3
361,3
95,4
365,6
84,3
84,1
491,4
492,3
491,5
365,4
121,3
123,3
144,4
503,138
503,81
503,68
421,1
421,4
204,3
207,5
220,5
122,5
503,137
26,35
26,34
503,136
26,33
0,353
0,393
0,404
0,402
0,327
0,476
0,500
0,508
503,135
26,32
0,440
0,355
503,134
0,398
26,31
26,30
0,388
0,493
0,424
0,389
0,442
89,4
228,6
226,4
351,4
0,364
478,5
477,3
0,501
0,485
0,479
0,495
0,372
0,314
0,392
0,437
0,396
0,465
503,133
0,435
0,452
26,29
26,0
26,25
0,311
26,3
0,320
0,384
0,427
0,325
0,360
0,317
0,306
0,365
0,395
0,301
0,484
0,347
507,3
506,3
422,7
422,4
505,3
0,330
0,390
34,1
0,477
0,315
28,1
0,474
0,428
0,349
0,335
0,498
0,405
0,383
2,31
502,2
502,1
0,433
0,399
502,3
134,4
0,496
0,334
152,1
0,403
0,472
503,59
0,426
0,497
0,425
61,8
0,510
503,24
0,377
173,7
83,3
83,9
83,6
475,5
31,4
2,98
0,391
64,6
64,4
0,344
0,352
2,70
504,3
360,3
143,4
152,3
164,13
0,470
164,10
25,7
59,3
25,21
0,11
36,5
25,5
60,3
78,11
78,6
78,3
0,339
25,24
25,18
25,13
25,10
0,507
0,378
0,323
0,468
0,509
24,7
0,422
0,410
0,354
62,18
62,15
62,12
62,10
62,7
62,4
62,2
0,376
156,5
56,5
58,5
57,6
54,4
84,22
84,39
155,3
76,6
40,3
159,3
161,4
160,4
41,3
42,5
41,5
76,3
63,4
61,4
0,394
503,74
503,11
503,10
503,48
503,9
503,8
503,57
503,7
503,6
503,63
503,5
503,4
503,132
503,2
145,3
85,4
85,6
239,3
338,3
0,276
0,275
0,274
0,273
0,272
0,271
0,270
0,269
0,268
0,267
0,266
0,265
0,264
0,263
0,262
0,261
0,260
0,259
0,258
0,257
0,256
0,255
0,254
0,253
0,252
0,251
0,250
0,249
0,248
0,247
0,246
0,245
0,244
0,242
0,241
0,240
0,239
0,238
0,237
0,236
0,235
0,234
0,233
0,232
0,231
0,230
0,229
0,228
0,227
0,226
0,225
0,224
0,223
0,222
0,221
0,220
0,219
0,218
0,217
0,216
0,215
0,214
0,213
0,212
0,211
0,210
0,209
0,208
0,207
0,206
0,205
0,204
0,203
0,202
0,201
0,200
0,199
0,198
0,197
0,196
0,195
0,194
0,193
0,192
0,63
0,62
0,61
0,60
0,59
0,58
0,57
0,56
0,55
0,54
0,53
0,52
0,51
0,50
0,49
0,48
0,47
0,46
0,45
28,3
152,9
0,6
0,413
24,1
24,9
24,4
26,28
503,61
503,131
2,7
2,6
2,5
2,4
2,2
1,8
1,7
1,6
1,4
1,2
0,503
0,489
0,487
0,481
0,475
0,473
0,467
0,466
0,464
0,463
0,462
0,458
0,457
0,456
0,454
0,451
0,449
0,448
0,447
0,443
0,441
0,438
0,436
0,434
0,432
0,429
0,423
0,419
0,414
0,412
0,411
0,408
0,407
0,400
0,380
0,379
0,374
0,370
0,367
0,366
0,363
0,362
0,361
0,359
0,358
0,357
0,356
0,351
0,348
0,338
0,333
0,329
0,328
0,324
0,322
0,321
0,319
0,318
0,243
61,7
2,24
61,1
61,3
0,445
0,375
61,0
2,90
503,128
503,1
503,3
0,371
0,369
503,0
0,341
1,1
2,103
1,5
1,3
1,0
2,1
2,13
2,3
2,0
0,337
0,9
0,406
0,310
0,305
0,401
0,439
0,511
0,482
0,459
0,455
0,450
0,446
0,431
0,453
0,342
0,340
0,471
0,460
0,461
0,345
0,308
0,304
0,303
0,302
0,307
0,444
0,12
0,373
0,10
0,478
0,8
0,0
0,418
0,300
0,368
0,299
0,350
0,298
0,336
0,297
0,309
0,296
0,409
0,295
0,480
0,294
0,331
0,293
0,421
0,292
0,490
0,291
0,332
0,290
0,289
0,417
0,288
0,416
0,287
0,387
0,286
0,386
0,285
0,346
0,284
0,385
0,283
0,397
0,282
0,502
0,281
0,491
0,280
0,488
0,279
0,469
0,278
0,415
0,277
2,8
2,9
2,11
2,12
2,15
2,16
2,18
2,20
2,21
2,23
2,25
2,27
2,29
2,30
2,32
2,33
2,35
2,64
2,66
2,68
2,69
2,71
2,72
2,74
2,76
2,77
2,79
2,80
2,82
2,83
2,85
2,87
2,88
2,91
2,92
2,94
2,96
2,97
2,99
2,100
2,102
2,104
2,106
2,108
2,109
2,111
2,112
2,114
2,116
2,117
2,119
2,120
2,122
2,124
2,125
2,127
2,128
2,130
2,131
3,0
3,2
3,3
3,5
3,6
4,1
4,3
24,0
24,2
24,3
24,5
24,6
24,8
25,0
25,1
25,3
25,4
25,6
25,8
25,9
25,11
25,12
25,14
25,15
25,17
25,19
25,20
25,22
25,23
25,25
26,1
26,2
26,4
26,5
26,7
26,9
26,10
26,12
26,13
26,15
26,16
26,18
26,20
26,21
26,23
26,24
26,26
27,0
27,1
27,3
27,4
27,6
27,7
27,9
27,11
27,12
27,14
27,15
27,17
27,19
27,20
27,22
27,23
27,25
28,0
28,2
28,4
28,5
28,7
28,8
29,1
29,3
29,4
30,1
30,2
30,4
30,5
31,0
31,2
31,3
32,0
32,1
32,3
32,5
32,6
32,8
33,0
33,2
33,4
33,5
33,7
34,0
34,2
34,3
34,5
35,0
35,1
35,3
35,4
35,6
36,0
36,1
36,3
36,4
36,6
36,7
36,9
37,1
37,2
37,4
37,5
38,1
38,3
38,4
39,1
39,2
39,4
40,0
40,2
40,4
40,5
41,1
41,2
41,4
42,0
42,1
42,3
42,4
43,0
43,2
43,3
43,5
43,6
43,8
43,9
43,11
43,13
43,14
44,0
44,1
44,3
45,0
45,1
45,3
45,4
45,6
45,7
46,0
46,2
46,3
47,1
47,2
47,4
48,1
48,2
48,4
48,5
49,0
49,1
49,3
49,5
49,6
50,0
50,1
50,3
50,5
50,6
51,1
51,2
51,4
51,5
51,7
52,1
52,2
52,4
52,5
53,1
53,3
53,4
54,0
54,1
54,3
54,5
54,6
55,1
55,2
55,4
55,5
56,1
56,3
56,4
56,6
57,0
57,2
57,4
57,5
58,0
58,1
58,3
58,4
58,6
59,1
59,2
59,4
60,0
60,2
60,4
61,2
61,5
61,6
62,0
62,1
62,3
62,5
62,6
62,8
62,9
62,11
62,13
62,14
62,16
62,17
63,0
63,2
63,3
63,5
64,0
64,2
64,3
64,5
65,0
65,1
65,3
65,4
66,1
66,3
66,4
67,0
67,1
67,3
67,4
67,6
67,8
67,9
68,1
68,2
68,4
68,6
69,0
69,2
69,3
69,5
69,6
70,1
70,3
70,4
70,6
71,0
71,2
71,4
71,5
71,7
72,0
72,2
72,4
72,5
72,7
73,0
73,2
73,3
73,5
73,7
74,0
74,2
74,3
74,5
74,7
74,8
74,10
75,0
75,2
75,3
75,5
76,1
76,2
76,4
76,5
77,0
77,2
77,3
78,1
78,2
78,4
78,5
78,7
78,9
78,10
79,0
79,1
79,3
79,5
79,6
80,1
80,2
80,4
80,5
81,0
81,2
81,3
81,5
81,6
82,1
82,3
82,4
82,6
83,0
83,2
83,4
83,5
83,7
83,8
83,10
84,0
84,2
84,4
84,5
84,7
84,8
84,10
84,12
84,13
84,15
84,16
84,18
84,19
84,21
84,23
84,24
84,26
84,27
84,29
84,31
84,32
84,34
84,35
84,37
84,38
84,40
84,42
85,0
85,2
85,3
85,5
86,0
86,1
86,3
86,4
87,0
87,2
87,3
88,1
88,2
89,0
89,1
89,3
90,0
90,1
90,3
90,4
90,6
91,0
91,1
91,3
91,4
91,6
91,7
92,1
92,3
92,4
92,6
93,0
93,2
93,4
93,5
94,1
94,2
94,4
94,5
95,0
95,2
95,3
95,5
95,6
96,1
96,3
96,4
96,6
97,0
97,2
97,3
98,0
98,2
98,3
99,0
99,1
99,3
99,5
99,6
100,0
100,1
100,3
100,5
100,6
101,1
101,2
101,4
102,0
102,2
102,4
103,0
103,2
103,3
104,0
104,2
104,3
105,0
105,1
105,3
106,0
106,2
106,4
106,5
107,1
107,2
107,4
108,1
108,2
108,4
109,0
109,2
109,3
110,0
110,2
110,3
111,1
111,2
112,0
112,2
112,3
113,0
113,1
113,3
114,0
114,1
114,3
114,4
114,6
115,0
115,2
115,4
116,0
116,2
116,3
117,0
117,2
117,3
118,0
118,1
118,3
118,4
119,0
119,2
119,3
119,5
119,6
120,0
120,2
120,3
120,5
120,6
121,1
121,2
121,4
122,0
122,1
122,3
122,4
122,6
122,8
122,9
122,11
122,12
123,1
123,2
123,4
123,6
123,7
123,9
124,0
124,2
124,4
124,5
124,7
124,8
125,0
125,2
125,3
125,5
125,6
125,8
125,9
126,1
126,3
126,4
126,6
126,7
126,9
126,11
127,0
127,2
127,3
127,5
127,6
127,8
127,10
127,11
128,0
128,1
128,3
129,0
129,1
129,3
129,4
129,6
129,7
130,1
130,3
131,0
131,2
131,3
131,5
132,1
132,2
132,4
132,5
132,7
133,1
133,2
133,4
134,0
134,2
134,3
134,5
134,7
135,0
135,2
135,3
135,5
136,1
136,2
136,4
136,5
137,1
137,2
137,4
137,6
138,0
138,2
138,3
138,5
139,1
139,2
139,4
140,0
140,2
140,3
140,5
141,0
141,1
141,3
141,4
142,0
142,2
142,3
143,0
143,1
143,3
143,5
144,0
144,2
144,3
144,5
145,0
145,2
146,0
146,1
146,3
146,4
147,0
147,2
147,3
147,5
148,0
148,2
148,3
148,5
149,0
149,1
149,3
149,4
150,0
150,2
150,3
151,0
151,1
151,3
152,0
152,2
152,4
152,5
152,7
152,8
152,10
152,12
152,13
153,1
153,2
153,4
153,5
154,1
154,3
154,4
154,6
155,0
155,2
156,0
156,1
156,3
156,4
157,0
157,2
157,3
158,1
158,2
158,4
159,0
159,2
159,4
160,0
160,2
160,3
160,5
160,7
161,0
161,2
161,3
161,5
161,6
162,1
162,3
162,4
163,0
163,1
163,3
164,0
164,1
164,3
164,4
164,6
164,7
164,9
164,11
164,12
164,14
165,0
165,2
165,4
165,5
165,7
166,0
166,2
166,4
166,5
167,1
167,2
167,4
167,5
167,7
167,9
168,0
168,2
168,3
168,5
169,1
169,2
169,4
170,0
170,2
170,3
170,5
170,7
171,0
171,2
171,3
172,1
172,3
173,0
173,2
173,3
173,5
173,6
174,0
174,2
174,3
174,5
175,0
175,2
175,4
175,5
176,0
176,1
176,3
176,4
177,0
177,2
177,3
177,5
178,0
178,2
178,4
178,5
178,7
179,0
179,2
179,4
179,5
180,1
180,2
180,4
180,5
181,1
181,3
181,4
181,6
181,7
182,1
182,3
182,4
182,6
183,0
183,2
183,3
184,0
184,2
184,3
184,5
184,6
185,1
185,3
185,4
185,6
186,0
186,2
186,3
187,0
187,2
187,3
187,5
187,6
188,0
188,2
188,3
188,5
188,6
189,1
189,3
189,4
189,6
189,7
190,1
190,2
190,4
191,1
191,2
191,4
191,5
192,1
192,3
192,4
193,1
193,2
193,4
193,5
194,0
194,2
194,3
194,5
194,6
195,1
195,3
195,4
195,6
196,0
196,2
196,3
197,0
197,2
197,3
197,5
197,6
198,1
198,3
198,4
199,1
199,2
199,4
199,5
200,0
200,2
200,3
200,5
200,6
201,1
201,3
201,4
202,1
202,2
202,4
203,0
203,1
203,3
203,4
204,1
204,2
204,4
204,6
204,7
205,1
205,2
205,4
206,0
206,1
206,3
206,4
206,6
206,7
207,1
207,3
207,4
207,6
207,7
208,0
208,2
208,3
208,5
208,6
209,0
209,1
209,3
209,5
210,0
210,2
210,3
210,5
211,0
211,1
211,3
211,4
211,6
212,1
212,2
212,4
212,5
213,0
213,1
213,3
213,5
214,0
214,2
214,3
214,5
215,1
215,2
215,4
215,5
216,1
216,2
216,4
217,0
217,1
217,3
217,4
217,6
218,0
218,1
218,3
218,4
219,0
219,1
219,3
219,5
219,6
220,1
220,2
220,4
220,6
220,7
221,0
221,1
221,3
221,5
222,0
222,2
222,3
223,1
223,2
223,4
224,0
224,1
224,3
224,4
224,6
225,1
225,2
225,4
225,5
226,0
226,1
226,3
226,5
227,0
227,2
227,3
227,5
228,1
228,2
228,4
228,5
229,0
229,1
229,3
229,5
230,0
230,2
230,3
230,5
231,1
231,2
231,4
231,5
232,0
232,1
232,3
232,5
233,0
233,2
233,3
233,5
234,0
234,1
234,3
234,4
235,0
235,2
235,3
235,5
235,6
236,1
236,2
236,4
237,0
237,1
237,3
237,4
237,6
238,1
238,2
238,4
238,5
239,1
239,2
239,4
240,0
240,1
240,3
240,4
240,6
240,8
240,9
241,1
241,2
241,4
242,0
242,2
242,4
242,5
243,1
243,2
243,4
244,0
244,1
244,3
244,4
245,0
245,2
245,3
246,0
246,1
246,3
246,4
246,6
246,8
247,0
247,2
247,3
248,0
248,2
248,3
249,0
249,1
249,3
249,4
249,6
250,0
250,1
250,3
250,4
251,1
251,3
251,4
251,6
252,0
252,2
252,3
252,5
253,0
253,1
253,3
253,4
253,6
254,1
254,2
254,4
254,5
255,0
255,1
255,3
255,5
255,6
256,1
256,2
256,4
256,6
256,7
257,1
257,2
258,0
258,2
258,3
259,0
259,1
259,3
259,4
260,1
260,3
260,4
261,1
261,2
261,4
262,0
262,1
262,3
262,4
263,0
263,1
263,3
264,0
264,1
264,3
264,4
265,1
265,3
265,4
266,0
266,1
266,3
266,4
266,6
267,1
267,2
267,4
267,5
268,1
268,3
268,4
269,1
269,2
269,4
270,1
270,2
270,4
271,0
271,2
271,3
271,5
272,0
272,1
272,3
272,4
273,1
273,3
273,4
274,1
274,2
274,4
275,0
275,2
275,4
276,0
276,2
276,3
277,0
277,2
277,3
278,0
278,1
278,3
278,4
279,1
279,3
279,4
280,1
280,2
280,4
281,1
281,2
281,4
282,0
282,2
282,3
283,0
283,2
283,3
284,0
284,1
284,3
285,0
285,1
285,3
285,4
286,0
286,2
286,3
287,0
287,1
287,3
287,4
288,0
288,2
288,3
289,0
289,1
289,3
290,0
290,1
290,3
290,4
291,1
291,2
291,4
292,0
292,1
292,3
292,4
292,6
292,8
293,0
293,2
293,3
293,5
293,6
294,0
294,2
294,3
294,5
294,6
295,0
295,2
295,3
295,5
296,0
296,2
296,4
296,5
297,0
297,1
297,3
297,4
297,6
298,1
298,2
299,0
299,1
299,3
299,5
299,6
299,8
300,0
300,2
300,3
300,5
300,7
301,0
301,2
301,3
302,0
302,2
302,3
303,0
303,1
303,3
303,4
304,1
304,3
304,4
304,6
304,7
305,1
305,3
305,4
305,6
305,7
306,1
306,3
306,4
306,6
306,7
307,0
307,1
307,3
308,0
308,1
308,3
308,4
309,1
309,3
309,4
309,6
310,0
310,2
310,3
311,0
311,2
311,3
311,5
312,0
312,2
312,4
312,5
313,1
313,2
313,4
313,5
314,1
314,3
314,4
315,1
315,2
315,4
316,1
316,2
316,4
316,5
317,1
317,2
317,4
317,6
318,0
318,2
318,3
318,5
319,1
319,2
319,4
319,5
320,0
320,2
320,3
320,5
320,6
321,1
321,2
321,4
322,0
322,1
322,3
322,4
323,1
323,3
323,4
324,1
324,2
324,4
324,5
324,7
325,1
325,2
325,4
325,5
325,7
325,9
326,0
326,2
326,3
326,5
326,6
327,1
327,3
327,4
327,6
328,0
328,2
328,4
328,5
329,0
329,1
329,3
329,5
329,6
330,0
330,1
330,3
330,4
331,1
331,3
331,4
331,6
331,7
332,1
332,3
332,4
332,6
333,0
333,2
333,3
334,0
334,2
334,3
334,5
334,6
335,1
335,3
335,4
336,1
336,2
336,4
337,0
337,2
337,4
337,5
338,1
338,2
339,0
339,2
339,3
340,0
340,1
340,3
340,4
340,6
340,8
341,0
341,2
341,3
341,5
342,1
342,2
342,4
343,0
343,2
343,4
344,0
344,2
344,3
345,0
345,1
345,3
346,0
346,1
346,3
346,4
347,0
347,2
347,3
347,5
347,6
348,0
348,1
348,3
348,5
349,0
349,2
349,3
349,5
350,1
350,2
350,4
350,5
351,0
351,1
351,3
351,5
351,6
352,1
352,2
352,4
353,1
353,2
353,4
354,0
354,2
354,4
354,5
355,0
355,1
355,3
355,4
356,1
356,3
356,4
356,6
356,7
357,1
357,3
357,4
358,1
358,2
358,4
358,5
359,1
359,3
359,4
360,1
360,2
360,4
361,1
361,2
361,4
361,5
362,1
362,2
362,4
363,0
363,1
363,3
363,4
364,1
364,3
364,4
364,6
365,0
365,2
365,3
365,5
365,7
365,8
366,1
366,2
366,4
367,0
367,1
367,3
367,4
368,1
368,3
368,4
369,1
369,2
369,4
369,5
370,1
370,3
370,4
371,1
371,2
371,4
372,1
372,2
372,4
373,0
373,2
373,3
373,5
373,7
374,0
374,2
374,3
374,5
375,1
375,2
375,4
375,5
376,0
376,1
376,3
376,5
377,0
377,2
377,3
377,5
378,0
378,1
378,3
378,4
379,0
379,2
379,3
379,5
379,6
380,1
380,2
380,4
381,0
381,1
381,3
381,4
382,1
382,3
383,0
383,2
383,3
383,5
383,6
384,1
384,3
384,4
385,0
385,1
385,3
386,0
386,1
386,3
386,4
387,1
387,2
387,4
388,0
388,1
388,3
388,4
389,0
389,2
389,3
390,0
390,1
390,3
391,0
391,1
391,3
391,4
392,0
392,1
392,3
393,1
393,2
393,4
394,0
394,2
394,4
394,5
395,0
395,1
395,3
395,4
395,6
396,1
396,2
396,4
396,5
397,1
397,3
397,4
397,6
398,0
398,2
398,3
398,5
399,1
399,2
399,4
399,5
399,7
400,0
400,1
400,3
400,4
400,6
401,0
401,2
401,4
401,5
402,0
402,1
402,3
402,5
402,6
403,1
403,2
403,4
404,1
404,2
404,4
404,5
405,1
405,2
405,4
406,1
406,2
406,4
407,0
407,2
407,4
407,5
408,0
408,1
408,3
408,4
409,0
409,2
409,3
410,0
410,1
410,3
410,5
411,0
411,2
411,3
411,5
411,6
412,1
412,3
412,4
413,0
413,1
413,3
413,5
413,6
414,1
414,2
414,4
415,0
415,1
415,3
415,4
415,6
416,0
416,2
416,4
416,5
416,7
416,8
417,1
417,3
417,4
418,1
418,2
418,4
418,5
419,0
419,2
419,3
419,5
420,0
420,2
421,0
421,2
422,0
423,0
423,1
423,3
424,1
424,2
424,4
425,0
425,2
425,3
426,0
426,2
426,3
426,5
426,6
427,1
427,3
427,4
428,1
428,2
428,4
429,1
429,2
429,4
430,0
430,2
430,3
430,5
430,7
431,0
431,2
431,3
432,0
432,2
432,3
432,5
433,0
433,2
433,3
434,0
434,2
434,3
434,5
436,0
436,2
436,4
436,5
436,7
436,8
437,0
437,1
437,3
438,1
438,2
439,0
439,1
439,3
440,1
440,2
441,0
441,1
441,3
442,1
442,2
443,0
443,1
443,3
444,0
444,2
445,0
445,1
445,3
446,0
446,2
447,0
447,1
447,3
448,0
448,2
448,3
448,5
449,0
449,1
449,3
449,4
450,1
450,3
450,4
450,6
450,7
450,9
450,10
451,0
451,2
451,3
451,5
451,6
452,1
452,3
452,4
452,6
453,0
453,2
453,3
454,0
454,2
454,3
454,5
455,0
455,2
455,4
455,5
456,0
456,1
456,3
456,5
457,0
457,2
457,3
457,5
458,0
458,2
458,4
459,0
459,2
459,3
459,5
460,1
460,2
461,0
461,1
461,3
461,4
461,6
462,0
462,1
462,3
463,0
463,2
464,0
464,1
464,3
464,4
464,6
465,0
465,2
465,4
465,5
466,0
466,1
466,3
467,0
467,1
467,3
467,4
467,6
468,0
468,1
468,3
468,4
469,0
469,1
469,3
469,5
470,0
470,2
470,3
470,5
471,1
471,2
471,4
471,5
472,0
472,1
472,3
473,0
473,1
473,3
473,4
474,0
474,2
474,3
474,5
474,6
475,0
475,1
475,3
476,0
476,2
476,3
476,5
477,1
477,2
478,0
478,1
478,3
479,0
479,2
479,3
480,0
480,1
480,3
480,5
481,0
481,2
481,3
481,5
482,1
482,2
482,4
482,5
483,1
483,2
483,4
484,0
484,1
484,3
484,4
485,0
485,2
485,3
486,0
486,1
486,3
486,4
487,0
487,2
487,3
487,5
488,0
488,2
488,4
488,5
489,1
489,2
489,4
490,0
490,2
491,0
491,1
491,3
491,6
492,0
492,1
492,4
493,1
493,3
493,4
494,1
494,2
494,4
495,0
495,2
495,4
496,0
496,2
496,3
496,5
497,1
497,2
497,4
498,0
498,2
498,3
499,0
499,2
499,3
500,0
500,1
500,3
501,0
501,1
501,3
501,4
503,12
503,13
503,15
503,16
503,18
503,20
503,21
503,23
503,26
503,27
503,29
503,31
503,32
503,34
503,35
503,37
503,39
503,40
503,42
503,43
503,45
503,46
503,50
503,51
503,53
503,54
503,56
503,58
503,62
503,64
503,65
503,69
503,72
503,73
503,75
503,77
503,129
503,130
504,1
504,2
505,0
507,0
507,2
507,1
506,0
504,0
503,66
503,60
503,52
503,49
503,47
503,44
503,41
503,36
503,33
503,30
503,28
503,25
503,22
503,17
503,14
501,2
500,4
500,2
499,4
499,1
498,4
498,1
497,3
497,0
496,4
496,1
495,3
495,1
494,3
494,0
493,2
493,0
492,2
491,7
491,2
490,1
489,3
489,0
488,3
488,1
487,4
487,1
486,5
486,2
485,4
485,1
484,5
484,2
483,5
483,3
483,0
482,3
482,0
481,4
481,1
480,4
480,2
479,4
479,1
478,4
478,2
477,0
476,4
476,1
475,4
475,2
474,7
474,4
474,1
473,5
473,2
472,4
472,2
471,6
471,3
471,0
470,4
470,1
469,4
469,2
468,5
468,2
467,7
467,5
467,2
466,4
466,2
465,6
465,3
465,1
464,5
464,2
463,3
463,1
462,2
461,7
461,5
461,2
460,3
460,0
459,4
459,1
458,3
458,1
457,4
457,1
456,4
456,2
455,6
455,3
455,1
454,4
454,1
453,4
453,1
452,5
452,2
452,0
451,4
451,1
450,11
450,8
450,5
450,2
450,0
449,2
448,6
448,4
448,1
447,2
446,3
446,1
445,2
444,3
444,1
443,2
442,3
442,0
441,2
440,3
440,0
439,2
438,3
438,0
437,2
436,9
436,6
436,3
436,1
434,4
434,1
433,4
433,1
432,4
432,1
431,4
431,1
430,6
430,4
430,1
429,3
429,0
428,3
428,0
427,2
427,0
426,4
426,1
425,4
425,1
424,3
424,0
423,2
420,3
420,1
419,4
419,1
418,6
418,3
418,0
417,2
417,0
416,6
416,3
416,1
415,5
415,2
414,5
414,3
414,0
413,4
413,2
412,5
412,2
412,0
411,4
411,1
410,4
410,2
409,4
409,1
408,5
408,2
407,6
407,3
407,1
406,3
406,0
405,3
405,0
404,3
404,0
403,3
403,0
402,4
402,2
401,6
401,3
401,1
400,5
400,2
399,8
399,6
399,3
399,0
398,4
398,1
397,5
397,2
397,0
396,3
396,0
395,5
395,2
394,6
394,3
394,1
393,3
393,0
392,2
391,5
391,2
390,4
390,2
389,4
389,1
388,5
388,2
387,5
387,3
387,0
386,2
385,4
385,2
384,5
384,2
384,0
383,4
383,1
382,2
382,0
381,2
380,5
380,3
380,0
379,4
379,1
378,5
378,2
377,6
377,4
377,1
376,4
376,2
375,6
375,3
375,0
374,4
374,1
373,6
373,4
373,1
372,3
372,0
371,3
371,0
370,2
370,0
369,3
369,0
368,2
368,0
367,2
366,3
366,0
364,2
364,0
362,0
361,0
360,0
359,2
359,0
358,3
358,0
357,2
357,0
356,5
356,2
356,0
355,2
354,6
354,1
353,3
353,0
352,3
352,0
351,2
350,6
350,3
350,0
349,4
349,1
348,4
348,2
347,7
347,4
347,1
346,5
346,2
345,4
345,2
344,4
344,1
343,3
343,1
342,3
342,0
341,4
341,1
340,7
340,5
340,2
339,4
339,1
338,0
337,3
337,1
336,3
336,0
335,2
335,0
334,4
334,1
333,4
333,1
332,5
332,2
332,0
331,5
331,2
331,0
330,2
329,7
329,4
329,2
328,6
328,3
328,1
327,5
327,2
327,0
326,4
326,1
325,8
325,6
325,3
325,0
324,6
324,3
324,0
323,2
323,0
322,2
321,5
321,3
321,0
320,4
320,1
319,6
319,3
319,0
318,4
318,1
317,5
317,3
317,0
316,3
316,0
315,3
315,0
314,2
314,0
313,3
313,0
312,3
312,1
311,4
311,1
310,4
310,1
309,5
309,2
309,0
308,2
307,4
307,2
306,8
306,5
306,2
306,0
305,5
305,2
305,0
304,5
304,2
304,0
303,2
302,4
302,1
301,4
301,1
300,6
300,4
300,1
299,7
299,4
299,2
298,3
298,0
297,5
297,2
296,6
296,3
296,1
295,4
295,1
294,7
294,4
294,1
293,7
293,4
293,1
292,7
292,5
292,2
291,5
291,3
291,0
290,2
289,4
289,2
288,4
288,1
287,5
287,2
286,4
286,1
285,5
285,2
283,4
283,1
282,4
282,1
281,3
281,0
280,3
280,0
279,2
279,0
278,2
277,4
277,1
276,4
276,1
275,3
275,1
274,3
274,0
273,2
273,0
272,2
271,6
271,4
271,1
270,3
270,0
269,3
269,0
268,2
268,0
267,3
267,0
266,5
266,2
265,5
265,2
265,0
264,2
263,4
263,2
262,5
262,2
261,5
261,3
261,0
260,2
260,0
259,2
258,4
258,1
257,3
257,0
256,5
256,3
256,0
255,4
255,2
254,6
254,3
254,0
253,5
253,2
252,6
252,4
252,1
251,5
251,2
251,0
250,2
249,7
249,5
249,2
248,4
248,1
247,4
247,1
246,7
246,5
246,2
245,4
245,1
244,5
244,2
243,5
243,3
243,0
242,3
242,1
241,3
241,0
240,7
240,5
240,2
239,5
239,0
238,3
238,0
237,5
237,2
236,5
236,3
236,0
235,4
235,1
234,5
234,2
233,6
233,4
233,1
232,4
232,2
231,6
231,3
231,0
230,4
230,1
229,4
229,2
228,3
228,0
227,4
227,1
226,2
225,6
225,3
225,0
224,5
224,2
223,5
223,3
223,0
222,1
221,4
221,2
220,8
220,3
220,0
219,4
219,2
218,5
218,2
217,7
217,5
217,2
216,5
216,3
216,0
215,3
215,0
214,4
214,1
213,4
213,2
212,6
212,3
212,0
211,5
211,2
210,6
210,4
210,1
209,4
209,2
208,7
208,4
208,1
207,8
207,2
207,0
206,5
206,2
205,5
205,3
205,0
204,5
204,0
203,2
202,5
202,3
202,0
201,2
201,0
200,4
200,1
199,0
198,2
198,0
197,4
197,1
196,4
196,1
195,5
195,2
195,0
194,4
194,1
193,6
193,3
193,0
192,2
192,0
191,3
191,0
190,3
190,0
189,5
189,2
189,0
188,4
188,1
187,7
187,4
187,1
186,4
186,1
185,5
185,2
185,0
184,4
184,1
183,4
183,1
182,5
182,2
182,0
181,5
181,2
181,0
180,3
180,0
179,3
179,1
178,6
178,3
178,1
177,4
177,1
176,5
176,2
175,6
175,3
175,1
174,4
174,1
173,4
173,1
172,2
172,0
171,1
170,6
170,4
170,1
169,3
169,0
168,4
168,1
167,8
167,6
167,3
167,0
166,3
166,1
165,6
165,3
165,1
164,5
164,2
163,4
163,2
162,5
162,2
162,0
161,1
160,6
160,1
159,1
158,3
158,0
157,1
156,2
155,1
154,5
154,2
154,0
153,3
153,0
151,2
150,4
150,1
149,5
149,2
148,6
148,4
148,1
147,4
147,1
146,5
146,2
145,1
144,1
143,2
142,4
142,1
141,5
141,2
140,6
140,4
140,1
139,3
139,0
138,4
138,1
137,5
137,3
137,0
136,3
136,0
135,4
135,1
134,6
133,3
133,0
132,6
132,0
131,4
131,1
130,2
130,0
129,5
129,2
128,4
128,2
126,0
125,7
125,4
125,1
124,9
124,6
124,3
124,1
123,0
121,0
120,1
119,7
119,4
119,1
118,5
118,2
117,4
117,1
116,4
116,1
115,3
115,1
114,5
114,2
113,4
113,2
112,4
112,1
111,3
111,0
110,1
109,4
109,1
108,3
108,0
107,3
107,0
106,3
106,1
105,2
104,4
104,1
103,4
103,1
102,1
101,0
97,1
95,1
94,0
92,0
90,2
89,2
88,3
88,0
87,1
86,5
86,2
85,1
84,41
84,36
84,33
84,30
84,28
84,25
84,20
84,17
84,14
84,11
84,9
84,6
83,1
82,5
82,2
82,0
81,4
81,1
80,6
80,3
80,0
79,4
79,2
78,8
78,0
77,1
76,0
75,4
75,1
74,9
74,6
74,4
74,1
73,6
73,4
73,1
72,6
72,3
72,1
71,6
71,3
71,1
70,5
70,2
70,0
69,4
69,1
68,5
68,3
68,0
67,7
67,5
67,2
66,5
66,2
66,0
65,2
64,1
63,1
60,1
59,0
58,2
57,3
57,1
56,2
56,0
55,3
55,0
54,2
53,5
53,2
53,0
52,3
52,0
51,6
51,3
51,0
50,4
50,2
49,7
49,4
49,2
48,6
48,3
48,0
47,3
47,0
46,1
45,8
45,5
45,2
44,4
44,2
43,15
43,12
43,10
43,7
43,4
43,1
42,2
41,0
40,1
39,3
39,0
38,2
38,0
37,3
37,0
35,7
35,5
35,2
34,6
33,6
33,3
33,1
32,7
32,4
32,2
31,1
30,6
30,3
30,0
29,2
29,0
27,24
27,21
27,18
27,16
27,13
27,10
27,8
27,5
27,2
26,27
26,22
26,19
26,17
26,14
26,11
26,8
26,6
25,16
25,2
4,2
4,0
3,4
3,1
2,132
2,129
2,126
2,123
2,121
2,118
2,115
2,113
2,110
2,107
2,105
2,93
2,86
2,84
2,81
2,78
2,75
2,73
2,67
2,65
2,34
2,26
2,19
2,17
2,14
2,10
0,5
0,1
0,430
0,4
0,3
0,7
